[Data Memory]
Size=2
Base=0

[Data Memory Content]
000:  00000000  00000000  00000000  00000000  00000000  00000000  00000000  00000000 
020:  00000000  00000000  00000000  00000000  00000000  00000000  00000000  00000000 
040:  00000000  00000000  00000000  00000000  00000000  00000000  00000000  00000000 
060:  00000000  00000000  00000000  00000000  00000000  00000000  00000000  00000000 
080:  00000000  00000000  00000000  00000000  00000000  00000000  00000000  00000000 
0A0:  00000000  00000000  00000000  00000000  00000000  00000000  00000000  00000000 
0C0:  00000000  00000000  00000000  00000000  00000000  00000000  00000000  00000000 
0E0:  00000000  00000000  00000000  00000000  00000000  00000000  00000000  00000000 
100:  00000000  00000000  00000000  00000000  00000000  00000000  00000000  00000000 
120:  00000000  00000000  00000000  00000000  00000000  00000000  00000000  00000000 
140:  00000000  00000000  00000000  00000000  00000000  00000000  00000000  00000000 
160:  00000000  00000000  00000000  00000000  00000000  00000000  00000000  00000000 
180:  00000000  00000000  00000000  00000000  00000000  00000000  00000000  00000000 
1A0:  00000000  00000000  00000000  00000000  00000000  00000000  00000000  00000000 
1C0:  00000000  00000000  00000000  00000000  00000000  00000000  00000000  00000000 
1E0:  00000000  00000000  00000000  00000000  00000000  00000000  00000000  00000000 
200:  00000000  00000000  00000000  00000000  00000000  00000000  00000000  00000000 
220:  00000000  00000000  00000000  00000000  00000000  00000000  00000000  00000000 
240:  00000000  00000000  00000000  00000000  00000000  00000000  00000000  00000000 
260:  00000000  00000000  00000000  00000000  00000000  00000000  00000000  00000000 
280:  00000000  00000000  00000000  00000000  00000000  00000000  00000000  00000000 
2A0:  00000000  00000000  00000000  00000000  00000000  00000000  00000000  00000000 
2C0:  00000000  00000000  00000000  00000000  00000000  00000000  00000000  00000000 
2E0:  00000000  00000000  00000000  00000000  00000000  00000000  00000000  00000000 
300:  00000000  00000000  00000000  00000000  00000000  00000000  00000000  00000000 
320:  00000000  00000000  00000000  00000000  00000000  00000000  00000000  00000000 
340:  00000000  00000000  00000000  00000000  00000000  00000000  00000000  00000000 
360:  00000000  00000000  00000000  00000000  00000000  00000000  00000000  00000000 
380:  00000000  00000000  00000000  00000000  00000000  00000000  00000000  00000000 
3A0:  00000000  00000000  00000000  00000000  00000000  00000000  00000000  00000000 
3C0:  00000000  00000000  00000000  00000000  00000000  00000000  00000000  00000000 
3E0:  00000000  00000000  00000000  00000000  00000000  00000000  00000000  00000000 
400:  00000000  00000000  00000000  00000000  00000000  00000000  00000000  00000000 
420:  00000000  00000000  00000000  00000000  00000000  00000000  00000000  00000000 
440:  00000000  00000000  00000000  00000000  00000000  00000000  00000000  00000000 
460:  00000000  00000000  00000000  00000000  00000000  00000000  00000000  00000000 
480:  00000000  00000000  00000000  00000000  00000000  00000000  00000000  00000000 
4A0:  00000000  00000000  00000000  00000000  00000000  00000000  00000000  00000000 
4C0:  00000000  00000000  00000000  00000000  00000000  00000000  00000000  00000000 
4E0:  00000000  00000000  00000000  00000000  00000000  00000000  00000000  00000000 
500:  00000000  00000000  00000000  00000000  00000000  00000000  00000000  00000000 
520:  00000000  00000000  00000000  00000000  00000000  00000000  00000000  00000000 
540:  00000000  00000000  00000000  00000000  00000000  00000000  00000000  00000000 
560:  00000000  00000000  00000000  00000000  00000000  00000000  00000000  00000000 
580:  00000000  00000000  00000000  00000000  00000000  00000000  00000000  00000000 
5A0:  00000000  00000000  00000000  00000000  00000000  00000000  00000000  00000000 
5C0:  00000000  00000000  00000000  00000000  00000000  00000000  00000000  00000000 
5E0:  00000000  00000000  00000000  00000000  00000000  00000000  00000000  00000000 
600:  00000000  00000000  00000000  00000000  00000000  00000000  00000000  00000000 
620:  00000000  00000000  00000000  00000000  00000000  00000000  00000000  00000000 
640:  00000000  00000000  00000000  00000000  00000000  00000000  00000000  00000000 
660:  00000000  00000000  00000000  00000000  00000000  00000000  00000000  00000000 
680:  00000000  00000000  00000000  00000000  00000000  00000000  00000000  00000000 
6A0:  00000000  00000000  00000000  00000000  00000000  00000000  00000000  00000000 
6C0:  00000000  00000000  00000000  00000000  00000000  00000000  00000000  00000000 
6E0:  00000000  00000000  00000000  00000000  00000000  00000000  00000000  00000000 
700:  00000000  00000000  00000000  00000000  00000000  00000000  00000000  00000000 
720:  00000000  00000000  00000000  00000000  00000000  00000000  00000000  00000000 
740:  00000000  00000000  00000000  00000000  00000000  00000000  00000000  00000000 
760:  00000000  00000000  00000000  00000000  00000000  00000000  00000000  00000000 
780:  00000000  00000000  00000000  00000000  00000000  00000000  00000000  00000000 
7A0:  00000000  00000000  00000000  00000000  00000000  00000000  00000000  00000000 
7C0:  00000000  00000000  00000000  00000000  00000000  00000000  00000000  00000000 
7E0:  00000000  00000000  00000000  00000000  00000000  00000000  00000000  00000000 
